-1 0.5 0.8 0 0
0 0.462485 0.766945 0.11262 0.516763
1 0.475782 0.718746 0.0971792 0.418956
2 0.478751 0.668834 0.0709749 0.420204
3 0.487408 0.619589 0.0464797 0.411282
4 0.494831 0.570143 0.0248143 0.346938
5 0.500779 0.520498 0.0088818 0.23064
6 0.499173 0.510628 0.000776814 0.0753183
7 0.501477 0.500897 0.000211333 0.0396685
8 0.499511 0.50053 1.45439e-05 0.0177773
9 0.5014 0.499875 2.17292e-06 0.00623556
10 0.501001 0.499886 1.18807e-05 0.0165651
11 0.500601 0.499896 6.01347e-06 0.011771
12 0.500202 0.499925 2.28364e-06 0.00704701
13 0.499804 0.499971 4.03957e-07 0.00231209
14 0.500204 0.499981 3.77661e-07 0.00230147
15 0.499804 0.499991 3.2554e-07 0.00237499
16 0.499884 0.499994 3.07375e-07 0.00229534
17 0.4999 0.499993 1.34013e-07 0.00137742
18 0.499916 0.499992 1.13056e-07 0.00119035
19 0.499932 0.499991 1.92042e-07 0.000987716
20 0.499948 0.49999 5.1575e-08 0.00081884
21 0.499964 0.499989 1.59751e-07 0.000628694
22 0.49998 0.499985 1.52163e-07 0.000477966
23 0.499996 0.499984 6.74406e-09 0.000269694
24 0.500003 0.499999 6.05922e-09 8.80911e-05
