-1 0.2 0.2 0 0
0 0.243324 0.22496 0.468812 1.33665
1 0.28735 0.248661 0.39549 1.404
2 0.331749 0.271655 0.321386 1.44299
3 0.376098 0.294745 0.248159 1.43319
4 0.41969 0.319234 0.178435 1.34397
5 0.460776 0.34773 0.116411 1.15109
6 0.492196 0.386624 0.0675301 0.835237
7 0.493673 0.436603 0.0344868 0.580915
8 0.507235 0.484728 0.0114623 0.352666
9 0.462064 0.506165 0.00129374 0.221096
10 0.472048 0.50561 0.0136438 0.662693
11 0.482028 0.504974 0.00777217 0.522897
12 0.491995 0.504159 0.00339317 0.360473
13 0.501898 0.502772 0.000740853 0.17333
14 0.492473 0.49943 6.30788e-05 0.0463951
15 0.494473 0.49946 0.00061389 0.158807
16 0.496472 0.499509 0.000335252 0.118407
17 0.498471 0.499581 0.000138195 0.0765943
18 0.500466 0.499717 2.68955e-05 0.0338313
19 0.498488 0.500012 2.92267e-06 0.0106857
20 0.500488 0.500017 2.58779e-05 0.0334232
21 0.498488 0.50002 2.87233e-06 0.0108526
22 0.500488 0.500016 2.58412e-05 0.0334057
23 0.500088 0.50002 2.87124e-06 0.0108057
24 0.500008 0.500017 4.16826e-07 0.00192256
25 0.499938 0.500054 2.40737e-07 6.71634e-05
