-1 0.5 0.8 0 0
0 0.46084 0.768911 0.0647058 0.278459
1 0.471942 0.720159 0.0572034 0.228191
2 0.473112 0.710228 0.041892 0.283252
3 0.474299 0.700299 0.038913 0.282214
4 0.475525 0.690374 0.0359565 0.279879
5 0.476791 0.680455 0.0330279 0.276553
6 0.478096 0.67054 0.0301637 0.27203
7 0.47946 0.660633 0.0273582 0.265773
8 0.480875 0.650734 0.0246217 0.258501
9 0.482343 0.640842 0.0219717 0.250111
10 0.483847 0.630956 0.0194279 0.24048
11 0.485375 0.621074 0.016987 0.229651
12 0.486937 0.611196 0.0146806 0.217641
13 0.488529 0.601324 0.0124979 0.204419
14 0.490106 0.591449 0.0104665 0.190225
15 0.491666 0.581571 0.00858685 0.17504
16 0.493187 0.571688 0.00687365 0.158872
17 0.494656 0.561796 0.00533652 0.141758
18 0.496033 0.551892 0.00398183 0.123768
19 0.497278 0.541969 0.00281602 0.105067
20 0.498378 0.53203 0.00184479 0.0857444
21 0.499236 0.522067 0.00107534 0.0658397
22 0.499798 0.512083 0.000510789 0.0456064
23 0.499848 0.510083 0.000154093 0.0251567
24 0.499896 0.508084 0.000106534 0.0209117
25 0.499937 0.506084 6.87334e-05 0.0168136
26 0.499971 0.504085 3.93883e-05 0.0127262
27 0.499994 0.502085 1.76941e-05 0.00852125
28 0.499996 0.501685 4.6449e-06 0.00433986
29 0.499995 0.501285 3.1367e-06 0.00353267
30 0.499999 0.500885 1.76135e-06 0.00267103
31 0.499998 0.500485 7.82353e-07 0.00173932
32 0.499997 0.500405 3.02213e-07 0.000946769
33 0.5 0.500325 2.33936e-07 0.000817902
34 0.500001 0.500245 1.99708e-07 0.000647902
35 0.500001 0.500165 1.28339e-07 0.000538875
36 0.499984 0.500087 6.20693e-08 0.000212167
37 0.499994 0.500075 1.73793e-08 0.0001675
38 0.5 0.50006 2.10828e-08 0.000208003
39 0.5 0.500057 1.38186e-08 7.55868e-05
