-1 0.2 0.2 0. 0.
0 0.240235 0.229683 0.303291 0.881862
1 0.281556 0.257838 0.254089 0.916965
2 0.32368 0.284774 0.204836 0.924067
3 0.366375 0.310795 0.156894 0.905927
4 0.408911 0.337076 0.111808 0.846538
5 0.449867 0.365757 0.0717789 0.729015
6 0.485534 0.400798 0.0396397 0.548777
7 0.500742 0.448429 0.0178666 0.343771
8 0.492201 0.497694 0.00485068 0.189031
9 0.502167 0.498521 0.000361291 0.0895719
10 0.49238 0.500576 3.20839e-05 0.0268515
11 0.494379 0.500525 0.000336178 0.0858504
12 0.496379 0.500464 0.00018519 0.0640971
13 0.498377 0.500384 7.77803e-05 0.0418506
14 0.500371 0.500232 1.61033e-05 0.0190509
15 0.498403 0.499878 1.00906e-06 0.00440156
16 0.498803 0.499887 1.5275e-05 0.0186449
17 0.499202 0.499902 8.70976e-06 0.0139554
18 0.499602 0.499916 3.99343e-06 0.00944245
19 0.500002 0.499938 1.12295e-06 0.00478888
20 0.500109 0.500323 1.56904e-07 0.000183548
21 0.500051 0.500268 3.7862e-07 0.0016865
22 0.500009 0.5002 2.44787e-07 0.00118595
23 0.500001 0.500121 8.66818e-08 0.000701548
24 0.500011 0.500041 1.63153e-07 0.000422716
25 0.499962 0.499978 1.32619e-07 0.000151006
26 0.499978 0.499976 2.81304e-08 0.000503004
27 0.499981 0.499976 1.045e-08 0.000287091
28 0.499984 0.499978 9.04529e-09 0.000243742
29 0.499986 0.49998 1.02826e-08 0.000247302
30 0.499989 0.49998 8.27897e-09 0.000187205
31 0.499992 0.499983 8.61174e-09 0.000187256
32 0.499995 0.499983 6.99539e-09 0.000122444
33 0.499996 0.499986 6.99103e-09 0.0001234
34 0.499998 0.499989 5.5529e-09 5.84821e-05
