-1 0.8 0.2 0. 0.
0 0.750084 0.202893 5.82192 222.643
1 0.700215 0.206514 2.2653 55.1212
2 0.6504 0.210808 1.01147 20.2243
3 0.600785 0.216999 0.480328 8.66218
4 0.55187 0.227362 0.240499 3.89197
5 0.506053 0.247381 0.134024 1.70175
6 0.476286 0.287554 0.0906575 0.757345
7 0.478856 0.337488 0.0677887 0.548802
8 0.487346 0.386762 0.0435898 0.484367
9 0.495605 0.436075 0.022487 0.375874
10 0.50081 0.485803 0.007405 0.225752
11 0.4987 0.495578 0.00037606 0.0531279
12 0.505672 0.502747 4.59384e-05 0.0221935
13 0.503693 0.502456 0.00021008 0.070103
14 0.501732 0.502062 9.33678e-05 0.0453245
15 0.499853 0.501377 2.57728e-05 0.0218663
16 0.500496 0.499484 3.72494e-06 0.00535024
17 0.50012 0.49962 2.10406e-06 0.00610782
18 0.499833 0.499898 3.34213e-07 0.00186212
19 0.499911 0.499913 2.5645e-07 0.00200628
20 0.499989 0.499932 2.42576e-07 0.00111584
21 0.500054 0.499979 5.01215e-08 0.000226594
22 0.500038 0.499976 6.11497e-08 0.000573341
23 0.500023 0.499972 5.47242e-08 0.000390825
24 0.500007 0.499976 7.25697e-08 0.000248668
25 0.499994 0.499985 6.64428e-09 7.36585e-05
