-1 0.2 0.2 0 0
0 0.23564 0.235068 0.17932 0.557474
1 0.273535 0.267687 0.149267 0.559346
2 0.313425 0.297833 0.119493 0.549909
3 0.35465 0.326126 0.090859 0.528599
4 0.39652 0.353456 0.0642649 0.488734
5 0.438016 0.381349 0.0407838 0.422258
6 0.476816 0.412886 0.0218117 0.323234
7 0.503558 0.455134 0.00882446 0.19515
8 0.500555 0.464672 0.00215211 0.0977488
9 0.499453 0.474611 0.0013072 0.0735796
10 0.499594 0.48461 0.000673987 0.052585
11 0.50007 0.494599 0.000248953 0.0319721
12 0.499973 0.496596 3.09226e-05 0.0112811
13 0.500007 0.498596 1.24797e-05 0.00713467
14 0.500002 0.498996 2.26533e-06 0.00296453
15 0.500005 0.499396 1.21123e-06 0.00209988
16 0.499981 0.499795 3.84747e-07 0.0011613
17 0.499996 0.499874 2.17805e-07 0.000369893
18 0.499995 0.49989 2.06153e-07 0.000350884
19 0.499996 0.499906 5.21917e-08 0.000298976
20 0.499996 0.499909 8.94142e-08 0.000256043
21 0.499996 0.499912 8.91157e-08 0.000247317
22 0.499996 0.499915 1.39472e-07 0.000256678
23 0.499996 0.499918 1.40296e-07 0.000259785
24 0.499997 0.499921 1.299e-07 0.000177254
25 0.499998 0.499925 1.37834e-07 0.00024088
26 0.499998 0.499928 1.37982e-07 0.000238895
27 0.499999 0.499931 1.3595e-07 0.00022641
28 0.499999 0.499934 1.36644e-07 0.000227067
29 0.499999 0.499937 1.35692e-07 0.000218301
30 0.499999 0.49994 1.34872e-07 0.000211237
31 0.5 0.499944 1.26517e-07 0.00012742
32 0.500001 0.499947 1.33659e-07 0.000197365
33 0.500001 0.49995 1.33205e-07 0.000190373
34 0.500001 0.499953 1.32073e-07 0.000183002
35 0.500001 0.499956 1.32716e-07 0.000180621
36 0.500001 0.499959 1.31307e-07 0.000169833
37 0.500001 0.499963 1.28881e-07 0.000151632
38 0.500002 0.499966 1.28452e-07 0.000140344
39 0.500002 0.499969 1.26811e-07 0.000123825
40 0.500002 0.499972 1.27159e-07 0.00012646
41 0.500002 0.499975 1.27259e-07 0.000128357
42 0.500002 0.499979 1.26605e-07 0.000112089
43 0.500002 0.499982 1.26882e-07 0.000118269
44 0.500002 0.499985 1.26246e-07 0.000109593
45 0.500003 0.499988 1.25973e-07 0.000102375
46 0.500003 0.499991 1.25797e-07 9.21869e-05
