-1 0.5 0.2 0 0
0 0.472323 0.241641 0.112635 0.701629
1 0.473537 0.291626 0.0912397 0.569568
2 0.479538 0.341265 0.0661165 0.544101
3 0.48804 0.390537 0.0418066 0.4785
4 0.496209 0.439865 0.0210816 0.365773
5 0.500827 0.489651 0.00656356 0.213051
6 0.498099 0.499272 0.000201015 0.0392951
7 0.500085 0.499505 2.26621e-05 0.0224388
8 0.499141 0.501269 5.64806e-07 0.00195507
9 0.499504 0.5011 7.5763e-06 0.011068
10 0.499835 0.500876 3.76343e-06 0.00701841
11 0.500043 0.500534 1.75828e-06 0.00380117
12 0.49995 0.500145 6.71728e-07 0.0019818
13 0.500011 0.500093 8.59372e-08 0.00078483
14 0.499989 0.500016 5.0352e-08 0.000486287
15 0.500058 0.499975 5.50003e-09 0.000199719
16 0.500042 0.499973 6.31496e-08 0.000612637
17 0.500026 0.499971 5.43648e-08 0.000429932
18 0.50001 0.49997 1.33463e-07 0.000276307
19 0.5 0.499983 7.06402e-08 0.000122885
20 0.500014 0.49999 6.63311e-09 2.85634e-05
