-1 0.8 0.5 0 0
0 0.750095 0.503078 5.16555 212.403
1 0.700192 0.506186 1.86474 50.3982
2 0.650272 0.509029 0.747329 17.6014
3 0.600314 0.511067 0.292292 7.07846
4 0.550327 0.512209 0.0967429 2.87055
5 0.500334 0.511401 0.0191551 0.952185
6 0.49361 0.461855 0.000238831 0.0406601
7 0.497897 0.470889 0.0028479 0.14922
8 0.499674 0.48073 0.00157017 0.106567
9 0.499842 0.490729 0.00068126 0.0700826
10 0.500208 0.500722 0.000156888 0.0336544
11 0.498833 0.49927 1.203e-06 0.00344424
12 0.499225 0.499349 9.29565e-06 0.0139102
13 0.499614 0.499443 4.37759e-06 0.00937347
14 0.499981 0.499602 1.59889e-06 0.00504863
15 0.500051 0.499996 5.38035e-07 0.00160294
16 0.499974 0.500016 1.29899e-07 0.000557702
17 0.500054 0.500015 7.22917e-09 0.000309243
18 0.500039 0.50001 6.54e-08 0.000605209
19 0.500035 0.500009 1.2484e-07 0.00040961
20 0.500032 0.500009 1.22398e-07 0.000367042
21 0.500029 0.500009 7.43045e-08 0.000386388
22 0.500026 0.500007 7.80676e-08 0.000396991
23 0.500023 0.500006 7.67482e-08 0.000366941
24 0.50002 0.500005 8.34049e-09 0.000250603
25 0.500017 0.500005 6.73193e-09 0.000239938
26 0.500014 0.500005 6.40654e-09 0.000162221
27 0.500011 0.500004 6.56954e-09 0.000124489
28 0.500008 0.500002 5.6937e-09 0.000103171
29 0.500006 0.5 6.05183e-09 7.70645e-05
