-1 0.2 0.5 0 0
0 0.249413 0.50764 0.1251 0.477467
1 0.299326 0.510584 0.0954546 0.494561
2 0.349326 0.510824 0.067974 0.491885
3 0.399311 0.50962 0.0431763 0.460229
4 0.449258 0.507326 0.0220473 0.388442
5 0.499146 0.50398 0.00651814 0.250143
6 0.526496 0.462123 1.90071e-05 0.00986675
7 0.51738 0.466234 0.00390628 0.207014
8 0.50889 0.471519 0.00220174 0.139418
9 0.501942 0.47871 0.00111057 0.0843817
10 0.499062 0.488286 0.000487522 0.0463895
11 0.499463 0.490246 0.000146211 0.0248034
12 0.499737 0.492227 0.000100855 0.0204712
13 0.4999 0.49422 6.36411e-05 0.0161955
14 0.499981 0.496219 3.44362e-05 0.0119107
15 0.499995 0.498218 1.52134e-05 0.00787064
16 0.499998 0.498618 3.48842e-06 0.00375496
17 0.500001 0.499018 2.23039e-06 0.00292079
18 0.500002 0.499418 1.28037e-06 0.00204687
19 0.499994 0.499818 3.81345e-07 0.00114207
20 0.5 0.499898 2.15687e-07 0.000308959
21 0.499998 0.499914 1.93343e-07 0.000298448
22 0.5 0.49993 1.39905e-07 0.000256113
23 0.500001 0.499933 1.28352e-07 0.000149082
24 0.500001 0.499936 1.33776e-07 0.000204405
25 0.500002 0.499939 1.27512e-07 0.000135184
26 0.500002 0.499943 1.33657e-07 0.000201185
27 0.500002 0.499946 1.34291e-07 0.000198949
28 0.500002 0.499949 1.30929e-07 0.000177001
29 0.500002 0.499952 1.31204e-07 0.00017459
30 0.500002 0.499955 1.29075e-07 0.000155253
31 0.500002 0.499959 1.29924e-07 0.000159488
32 0.500003 0.499962 1.24924e-07 8.65421e-05
