-1 0.2 0.5 0 0
0 0.249878 0.503496 0.217835 0.865434
1 0.299862 0.504736 0.169537 0.897929
2 0.349862 0.504571 0.12315 0.900472
3 0.399851 0.503533 0.0797259 0.857341
4 0.449827 0.501976 0.0414362 0.738925
5 0.499789 0.500032 0.0123644 0.48747
6 0.549689 0.496876 4.16219e-07 0.00278766
7 0.539692 0.497109 0.0183234 0.834212
8 0.529696 0.497378 0.0111705 0.62034
9 0.519701 0.497692 0.00597946 0.433715
10 0.509709 0.498099 0.00252205 0.268822
11 0.499729 0.498734 0.000592033 0.124366
12 0.505588 0.506838 3.48173e-06 0.00564127
13 0.503711 0.506147 0.000276947 0.0729932
14 0.501922 0.505253 0.000153066 0.0503336
15 0.500385 0.503973 7.31425e-05 0.0300173
16 0.499772 0.502069 2.9797e-05 0.0151474
17 0.50047 0.500195 8.12684e-06 0.00793569
18 0.500074 0.500142 1.40911e-06 0.00554046
19 0.499744 0.499916 2.40195e-07 0.00100964
20 0.499823 0.499925 5.87878e-07 0.00316531
21 0.499903 0.499935 3.47175e-07 0.00216265
22 0.499981 0.499952 2.5537e-07 0.00121229
23 0.500059 0.499969 4.79809e-08 0.000286201
24 0.500043 0.499968 6.30469e-08 0.00063422
25 0.500027 0.499965 5.69352e-08 0.000478935
26 0.500012 0.499971 1.35294e-07 0.000318613
27 0.499998 0.499978 7.10235e-08 0.000137224
28 0.50001 0.499988 6.82014e-09 5.8676e-05
