-1 0.2 0.8 0. 0.
0 0.244913 0.778027 0.303347 0.79054
1 0.289609 0.755616 0.253386 0.839965
2 0.334022 0.732649 0.203972 0.862564
3 0.377952 0.70877 0.15625 0.846338
4 0.420695 0.682828 0.111945 0.780484
5 0.460285 0.652288 0.0734176 0.653043
6 0.489939 0.612032 0.0431899 0.474311
7 0.494867 0.562275 0.0218659 0.331409
8 0.503088 0.512955 0.00706331 0.209309
9 0.496743 0.505226 0.000367977 0.0610742
10 0.505701 0.500781 0.000111948 0.0426857
11 0.503703 0.500695 0.000198963 0.069634
12 0.501706 0.500586 8.35474e-05 0.0446446
13 0.499718 0.50037 1.81609e-05 0.0203643
14 0.50156 0.499591 8.48021e-07 0.00359488
15 0.501161 0.499623 1.48685e-05 0.0184451
16 0.500763 0.499666 8.28744e-06 0.0136689
17 0.500367 0.499723 3.83813e-06 0.00905485
18 0.499977 0.499812 1.06724e-06 0.00435744
19 0.50014 0.500177 1.98255e-07 0.000720587
20 0.500064 0.500151 3.16061e-07 0.00169519
21 0.499999 0.500105 2.21806e-07 0.000876961
22 0.500006 0.500026 1.54021e-07 0.000340485
23 0.500003 0.50001 5.60104e-09 0.000146218
24 0.500004 0.499994 3.67683e-09 8.54621e-05
