-1 0.8 0.8 0. 0.
0 0.750077 0.802767 5.8238 221.417
1 0.700186 0.806078 2.26686 55.0476
2 0.650328 0.809835 1.01589 20.2956
3 0.60043 0.813032 0.487499 8.604
4 0.550441 0.814084 0.252055 3.77523
5 0.500797 0.80813 0.151644 1.54012
6 0.462419 0.776081 0.116628 0.519698
7 0.475073 0.727709 0.101697 0.412577
8 0.477467 0.677766 0.0755432 0.417834
9 0.48597 0.628494 0.0507945 0.416885
10 0.493521 0.579068 0.0283725 0.362337
11 0.500031 0.529493 0.0112327 0.255467
12 0.496456 0.479621 0.00159298 0.10306
13 0.501126 0.488464 0.000828201 0.0827098
14 0.49787 0.497919 0.000252937 0.0447035
15 0.499784 0.498498 3.48477e-05 0.0258847
16 0.500622 0.500314 4.57539e-06 0.00607156
17 0.500226 0.500256 2.50906e-06 0.00740487
18 0.499846 0.50013 5.29515e-07 0.0027329
19 0.50023 0.500017 3.41467e-07 0.00196773
20 0.50015 0.500019 4.8263e-07 0.00263435
21 0.500134 0.500018 2.59342e-07 0.00170046
22 0.500118 0.500018 2.00574e-07 0.00157313
23 0.500102 0.500018 1.9747e-07 0.00130682
24 0.500086 0.500016 1.08711e-07 0.00118938
25 0.500071 0.500012 9.17857e-08 0.000973184
26 0.500055 0.500012 1.7247e-07 0.000745496
27 0.500039 0.500014 1.30613e-07 0.000583568
28 0.500023 0.500015 1.23849e-07 0.00040599
29 0.500008 0.500008 9.16999e-09 0.000259199
30 0.499999 0.499995 3.7555e-09 9.59276e-05
