-1 0.5 0.2 0 0
0 0.472405 0.241696 0.0647074 0.393954
1 0.471282 0.291683 0.052967 0.333635
2 0.476853 0.341372 0.0385271 0.319992
3 0.485643 0.390593 0.024286 0.279031
4 0.495219 0.439667 0.0121961 0.211577
5 0.4964 0.449597 0.00378845 0.122233
6 0.497519 0.459535 0.00265354 0.102914
7 0.498534 0.469483 0.00171504 0.0832952
8 0.499323 0.479452 0.000975815 0.0631184
9 0.499911 0.489434 0.000443132 0.0426673
10 0.499926 0.491434 0.000117072 0.0219396
11 0.499946 0.493434 7.70269e-05 0.0178178
12 0.49997 0.495434 4.55688e-05 0.0136858
13 0.500003 0.497434 2.20557e-05 0.00950672
14 0.500001 0.497834 7.19386e-06 0.00534862
15 0.500002 0.498234 5.02808e-06 0.00449215
16 0.500001 0.498634 3.38795e-06 0.00370162
17 0.499997 0.499034 2.25495e-06 0.00294682
18 0.499993 0.499434 1.24989e-06 0.0021649
19 0.49999 0.499834 5.28176e-07 0.00118645
20 0.500003 0.499913 1.10642e-07 0.000289337
21 0.500003 0.499929 1.39576e-07 0.000254707
22 0.500003 0.499945 1.37538e-07 0.000230585
23 0.500003 0.499948 1.33781e-07 0.000197718
24 0.500003 0.499951 1.32057e-07 0.000183793
25 0.500003 0.499954 1.31849e-07 0.00018181
26 0.500003 0.499958 1.30944e-07 0.000170725
27 0.500003 0.499961 1.30929e-07 0.000166638
28 0.500003 0.499964 1.3095e-07 0.000160905
29 0.500003 0.499967 1.28705e-07 0.000142353
30 0.500003 0.49997 1.24278e-07 6.91973e-05
