-1 0.2 0.8 0 0
0 0.244822 0.777841 0.468791 1.29217
1 0.289843 0.756092 0.395238 1.36733
2 0.33495 0.734519 0.321098 1.40905
3 0.379855 0.71253 0.248043 1.39702
4 0.423827 0.688728 0.178826 1.30171
5 0.464834 0.660121 0.11787 1.08317
6 0.494124 0.619597 0.0706621 0.748127
7 0.489622 0.5698 0.0380377 0.538347
8 0.512236 0.525206 0.0142811 0.3943
9 0.465324 0.507905 0.00367609 0.37755
10 0.515119 0.50338 0.0116435 0.688955
11 0.46512 0.503012 0.00279099 0.435815
12 0.515041 0.5002 0.0116291 0.69203
13 0.465071 0.501939 0.00272742 0.433226
14 0.515013 0.499514 0.0116498 0.691678
15 0.465062 0.501726 0.00272074 0.432543
16 0.515009 0.499431 0.0116551 0.691507
17 0.465061 0.501708 0.00271789 0.432336
18 0.515007 0.499385 0.0116538 0.692242
19 0.465059 0.501658 0.00271933 0.432399
20 0.475056 0.501439 0.0116557 0.623078
21 0.485053 0.501201 0.00621434 0.476042
22 0.495049 0.500901 0.00233602 0.305876
23 0.505035 0.500382 0.000271082 0.108896
24 0.495036 0.500284 0.000290949 0.118684
25 0.505034 0.500075 0.000270818 0.109057
26 0.495034 0.500136 0.000290965 0.118785
27 0.505033 0.500002 0.000270452 0.109108
28 0.503033 0.500006 0.000290871 0.116129
29 0.501033 0.500007 0.000104508 0.0689008
30 0.499033 0.499998 1.23159e-05 0.0231364
31 0.501033 0.500002 1.07442e-05 0.0213608
32 0.499033 0.500003 1.22191e-05 0.0230589
33 0.499433 0.500002 1.07561e-05 0.021272
34 0.499513 0.500001 3.93887e-06 0.0126758
35 0.499593 0.500002 2.95695e-06 0.0107729
36 0.499673 0.500002 2.14796e-06 0.00907847
37 0.499753 0.500003 1.49939e-06 0.00722028
38 0.499833 0.500006 1.02778e-06 0.00557289
39 0.499913 0.500005 5.77736e-07 0.00383125
40 0.499993 0.500002 1.8907e-07 0.00181322
41 0.500061 0.500043 2.33342e-08 0.000192267
42 0.500045 0.50004 2.23349e-07 0.00143694
43 0.50003 0.500036 1.98663e-07 0.00108889
44 0.500015 0.500031 1.90017e-07 0.0007735
45 0.5 0.500026 1.59361e-07 0.000427181
46 0.499997 0.50001 1.38477e-07 0.000285218
47 0.500008 0.499999 1.46993e-08 0.000107979
48 0.499995 0.500008 1.47332e-08 0.000216566
49 0.499998 0.500006 1.46427e-08 0.000128881
50 0.5 0.500009 1.50709e-08 9.64467e-05
