-1 0.2 0.8 0 0
0 0.244479 0.77716 0.179294 0.447476
1 0.288296 0.753077 0.148225 0.479387
2 0.331757 0.728355 0.118003 0.488427
3 0.374701 0.702747 0.0894061 0.475689
4 0.416433 0.675206 0.063391 0.436539
5 0.455205 0.643635 0.041024 0.366037
6 0.485881 0.604151 0.0234696 0.272708
7 0.497433 0.555504 0.0111401 0.185085
8 0.497763 0.54551 0.0031951 0.111444
9 0.498355 0.535527 0.0021583 0.0923739
10 0.499024 0.52555 0.00132029 0.0727567
11 0.499633 0.515568 0.000684968 0.0527168
12 0.500008 0.505575 0.000253747 0.0322099
13 0.499983 0.503575 3.2422e-05 0.0115513
14 0.499999 0.501575 1.39749e-05 0.00756334
15 0.500002 0.501175 2.75958e-06 0.00332663
16 0.500003 0.500775 1.42652e-06 0.00237447
17 0.49999 0.500376 6.09238e-07 0.00151139
18 0.499996 0.500296 2.11031e-07 0.00082327
19 0.499997 0.500216 2.41414e-07 0.0005933
20 0.499998 0.500136 8.34797e-08 0.000504933
21 0.499999 0.500056 7.1699e-08 0.000243586
22 0.500004 0.500041 1.40472e-08 6.20129e-05
