-1 0.8 0.5 0 0
0 0.750163 0.504036 1.52828 38.112
1 0.700279 0.507441 0.671821 13.9164
2 0.650352 0.510146 0.301981 6.00418
3 0.60038 0.511812 0.127595 2.76665
4 0.550382 0.512283 0.0447126 1.2335
5 0.500415 0.510475 0.0092685 0.440122
6 0.492971 0.461033 0.000115994 0.0214813
7 0.497017 0.470178 0.00169976 0.0862435
8 0.499262 0.479922 0.000949415 0.0628991
9 0.499958 0.489898 0.000423047 0.0416717
10 0.499943 0.491898 0.000106918 0.0209743
11 0.499959 0.493898 6.87668e-05 0.0168175
12 0.499974 0.495898 3.83646e-05 0.0125784
13 0.499997 0.497898 1.75641e-05 0.00849473
14 0.499998 0.498298 4.64764e-06 0.00431467
15 0.500001 0.498698 3.08965e-06 0.00352433
16 0.499994 0.499098 2.22047e-06 0.00291226
17 0.499992 0.499498 1.1739e-06 0.00194085
18 0.499994 0.499578 4.29871e-07 0.000961112
19 0.499994 0.499658 2.10948e-07 0.000695114
20 0.499997 0.499738 2.16622e-07 0.000620237
21 0.499998 0.499818 1.35819e-07 0.000433353
22 0.499998 0.499898 2.18666e-07 0.00031482
23 0.499999 0.499914 4.91097e-08 0.000279359
24 0.5 0.49993 1.40174e-07 0.000260592
25 0.5 0.499933 1.36123e-07 0.000224555
26 0.500001 0.499936 1.36163e-07 0.000219025
27 0.500001 0.499939 1.34026e-07 0.000208482
28 0.500002 0.499942 1.267e-07 0.00012869
29 0.500002 0.499946 1.32825e-07 0.000195573
30 0.500002 0.499949 1.33268e-07 0.000190961
31 0.500002 0.499952 1.32036e-07 0.000181805
32 0.500002 0.499955 1.30297e-07 0.00016469
33 0.500003 0.499958 1.24785e-07 9.39614e-05
