-1 0.8 0.2 0 0
0 0.750268 0.205174 1.8875 42.0658
1 0.700586 0.210801 0.900838 16.3505
2 0.651006 0.217266 0.453858 7.51135
3 0.60172 0.225685 0.234421 3.69351
4 0.553373 0.238437 0.124708 1.83197
5 0.508641 0.260776 0.0720381 0.880233
6 0.479432 0.301357 0.0486466 0.434584
7 0.478947 0.351355 0.0351538 0.315653
8 0.487572 0.400605 0.0215865 0.267403
9 0.49702 0.449704 0.0101411 0.19509
10 0.497799 0.459674 0.00263673 0.102654
11 0.49862 0.46964 0.00170016 0.0829382
12 0.499364 0.479612 0.000965529 0.0627903
13 0.499903 0.489598 0.000436457 0.04233
14 0.499923 0.491598 0.000113025 0.0215668
15 0.499948 0.493598 7.41017e-05 0.0174611
16 0.499977 0.495598 4.26329e-05 0.0132343
17 0.499996 0.497597 2.026e-05 0.00912028
18 0.499995 0.497997 6.05581e-06 0.00492664
19 0.499994 0.498397 4.64159e-06 0.00427323
20 0.500002 0.498797 3.11026e-06 0.00342743
21 0.499999 0.499197 1.72641e-06 0.00255612
22 0.49999 0.499597 8.35879e-07 0.0016901
23 0.499991 0.499677 2.11089e-07 0.000708756
24 0.499994 0.499757 1.58056e-07 0.000520323
25 0.499998 0.499837 1.2957e-07 0.000397977
26 0.499998 0.499853 1.10054e-07 0.000282438
27 0.499998 0.499869 1.05528e-07 0.000245253
28 0.499996 0.499885 9.02533e-08 0.000294345
29 0.499996 0.499888 5.16602e-08 0.000295427
30 0.499996 0.499891 5.19319e-08 0.000298861
31 0.499997 0.499894 5.29285e-08 0.000302671
32 0.499997 0.499898 4.98333e-08 0.000281289
33 0.499997 0.499901 5.0362e-08 0.00028456
34 0.499997 0.499904 6.50825e-08 0.000184023
35 0.499997 0.499907 7.06542e-08 0.000248323
36 0.499997 0.49991 8.91908e-08 0.000248344
37 0.499996 0.499913 8.70798e-08 0.000230967
38 0.499996 0.499917 1.41386e-07 0.000264021
39 0.499997 0.49992 1.30194e-07 0.000178606
40 0.499998 0.499923 1.38566e-07 0.000247309
41 0.499998 0.499926 1.37226e-07 0.000238315
42 0.499999 0.499929 1.35274e-07 0.000220087
43 0.5 0.499932 1.28375e-07 0.000151493
44 0.5 0.499935 1.36597e-07 0.000224284
45 0.5 0.499939 1.33632e-07 0.000205712
46 0.500001 0.499942 1.26696e-07 0.000130289
47 0.500001 0.499945 1.33857e-07 0.000200076
48 0.500001 0.499948 1.31328e-07 0.000178638
49 0.500001 0.499951 1.30497e-07 0.000173526
50 0.500002 0.499955 1.31893e-07 0.00017824
51 0.500002 0.499958 1.31523e-07 0.000175198
52 0.500002 0.499961 1.30866e-07 0.000168563
53 0.500002 0.499964 1.29487e-07 0.00015731
54 0.500002 0.499967 1.28359e-07 0.000144084
55 0.500002 0.499971 1.28995e-07 0.000146543
56 0.500002 0.499974 1.29249e-07 0.000140823
57 0.500003 0.499977 1.2354e-07 5.78461e-05
