-1 0.8 0.8 0 0
0 0.750078 0.802794 1.88799 41.8509
1 0.700161 0.805672 0.903255 16.312
2 0.650255 0.808736 0.457265 7.4866
3 0.60033 0.811468 0.23935 3.66628
4 0.550332 0.811968 0.132354 1.76798
5 0.500678 0.806102 0.0837087 0.777678
6 0.460495 0.776347 0.0663764 0.278514
7 0.471389 0.727549 0.0593476 0.222704
8 0.472492 0.71761 0.0441053 0.283236
9 0.473618 0.707673 0.0410958 0.282813
10 0.474784 0.697741 0.0381255 0.281729
11 0.475995 0.687815 0.0351859 0.279228
12 0.477249 0.677894 0.0322738 0.275428
13 0.478548 0.667979 0.0294239 0.270314
14 0.479908 0.658072 0.0266335 0.263836
15 0.481308 0.64817 0.0239142 0.256516
16 0.482769 0.638277 0.0213054 0.24784
17 0.484261 0.628389 0.018779 0.237687
18 0.485794 0.618507 0.0163774 0.226751
19 0.487362 0.608631 0.0141017 0.214268
20 0.488942 0.598757 0.0119551 0.200895
21 0.490521 0.588882 0.00996433 0.186394
22 0.492071 0.579003 0.00812972 0.170831
23 0.493586 0.569119 0.00645442 0.154385
24 0.495033 0.559224 0.00496975 0.137031
25 0.496376 0.549314 0.00365906 0.118984
26 0.497585 0.539388 0.00254376 0.100131
27 0.498613 0.529441 0.00162678 0.0805907
28 0.499415 0.519473 0.000907796 0.0605877
29 0.499903 0.509485 0.000398196 0.0403174
30 0.499926 0.507485 9.42244e-05 0.0196673
31 0.499954 0.505485 5.87955e-05 0.0155256
32 0.499978 0.503485 3.16505e-05 0.0114108
33 0.5 0.501485 1.31793e-05 0.00734633
34 0.500001 0.501085 2.40219e-06 0.00303106
35 0.499999 0.500685 1.18081e-06 0.00216687
36 0.500006 0.500286 5.14766e-07 0.0013822
37 0.499999 0.500206 2.37064e-07 0.000579423
38 0.499997 0.500126 2.10927e-07 0.000382059
39 0.499997 0.50011 4.25809e-08 0.00017964
40 0.499998 0.500094 2.5829e-08 0.000142955
41 0.499999 0.500078 2.45079e-08 0.000158921
42 0.499999 0.500075 1.58063e-08 0.000104652
43 0.5 0.500072 1.55481e-08 9.85488e-05
